name: evodoodle
channels:
  - conda-forge
  - defaults
dependencies:
  - asttokens=2.0.5=pyhd3eb1b0_0
  - attrs=23.2.0=pyh71513ae_0
  - backcall=0.2.0=pyhd3eb1b0_0
  - ca-certificates=2024.6.2=h56e8100_0
  - colorama=0.4.6=py38haa95532_0
  - comm=0.2.1=py38haa95532_0
  - debugpy=1.6.7=py38hd77b12b_0
  - decorator=5.1.1=pyhd3eb1b0_0
  - demes=0.2.3=pyhd8ed1ab_0
  - executing=0.8.3=pyhd3eb1b0_0
  - gsl=2.7=hdfb1a43_0
  - importlib_metadata=7.0.1=hd3eb1b0_0
  - importlib_resources=6.4.0=pyhd8ed1ab_0
  - intel-openmp=2024.1.0=h57928b3_966
  - ipykernel=6.28.0=py38haa95532_0
  - ipython=8.12.2=py38haa95532_0
  - jedi=0.18.1=py38haa95532_1
  - jsonschema=4.22.0=pyhd8ed1ab_0
  - jsonschema-specifications=2023.12.1=pyhd8ed1ab_0
  - jupyter_client=8.6.0=py38haa95532_0
  - jupyter_core=5.7.2=py38haa95532_0
  - libblas=3.9.0=22_win64_mkl
  - libcblas=3.9.0=22_win64_mkl
  - libffi=3.4.4=hd77b12b_1
  - libhwloc=2.10.0=default_h8125262_1001
  - libiconv=1.17=hcfcfb64_2
  - liblapack=3.9.0=22_win64_mkl
  - libsodium=1.0.18=h62dcd97_0
  - libxml2=2.12.7=h283a6d9_1
  - libzlib=1.3.1=h2466b09_1
  - matplotlib-inline=0.1.6=py38haa95532_0
  - mkl=2024.1.0=h66d3029_692
  - msprime=1.3.1=py38h53fec31_1
  - nest-asyncio=1.6.0=py38haa95532_0
  - numpy=1.24.4=py38h1d91fd2_0
  - openssl=3.3.1=h2466b09_0
  - parso=0.8.3=pyhd3eb1b0_0
  - pickleshare=0.7.5=pyhd3eb1b0_1003
  - pip=24.0=py38haa95532_0
  - pkgutil-resolve-name=1.3.10=pyhd8ed1ab_1
  - platformdirs=3.10.0=py38haa95532_0
  - prompt-toolkit=3.0.43=py38haa95532_0
  - pthreads-win32=2.9.1=hfa6e2cd_3
  - pure_eval=0.2.2=pyhd3eb1b0_0
  - pygments=2.15.1=py38haa95532_1
  - pyparsing=3.1.2=pyhd8ed1ab_0
  - python=3.8.19=h1aa4202_0
  - python-dateutil=2.9.0post0=py38haa95532_2
  - python_abi=3.8=2_cp38
  - pywin32=305=py38h2bbff1b_0
  - pyzmq=25.1.2=py38hd77b12b_0
  - referencing=0.35.1=pyhd8ed1ab_0
  - rpds-py=0.18.1=py38h2e0ef18_0
  - ruamel.yaml=0.18.6=py38h91455d4_0
  - ruamel.yaml.clib=0.2.8=py38h91455d4_0
  - setuptools=69.5.1=py38haa95532_0
  - six=1.16.0=pyhd3eb1b0_1
  - sqlite=3.45.3=h2bbff1b_0
  - stack_data=0.2.0=pyhd3eb1b0_0
  - svgwrite=1.4.3=pyhd8ed1ab_0
  - tbb=2021.12.0=hc790b64_1
  - tornado=6.4.1=py38h827c3e9_0
  - traitlets=5.14.3=py38haa95532_0
  - tskit=0.5.6=py38haf47d59_2
  - typing_extensions=4.11.0=py38haa95532_0
  - ucrt=10.0.22621.0=h57928b3_0
  - vc=14.2=h2eaa2aa_1
  - vc14_runtime=14.40.33810=ha82c5b3_20
  - vs2015_runtime=14.40.33810=h3bf8584_20
  - wcwidth=0.2.5=pyhd3eb1b0_0
  - wheel=0.43.0=py38haa95532_0
  - zeromq=4.3.5=hd77b12b_0
  - zipp=3.19.2=pyhd8ed1ab_0
  - pip:
      - affine==2.4.0
      - bitarray==2.9.2
      - certifi==2024.6.2
      - click==8.1.7
      - click-plugins==1.1.1
      - cligj==0.7.2
      - contourpy==1.1.1
      - cycler==0.12.1
      - fiona==1.9.6
      - fonttools==4.53.0
      - geonomics==1.4.4
      - geopandas==0.13.2
      - importlib-metadata==7.1.0
      - joblib==1.4.2
      - kiwisolver==1.4.5
      - matplotlib==3.7.5
      - nlmpy==1.2.0
      - packaging==24.1
      - pandas==2.0.3
      - patsy==0.5.6
      - pillow==10.3.0
      - psutil==6.0.0
      - pygame==2.5.2
      - pyproj==3.5.0
      - pytz==2024.1
      - rasterio==1.3.10
      - scikit-learn==1.3.2
      - scipy==1.10.1
      - seaborn==0.13.2
      - shapely==2.0.4
      - snuggs==1.4.7
      - statsmodels==0.14.1
      - threadpoolctl==3.5.0
      - tzdata==2024.1
